n,k,theta,tempo_esecuzione, result
512,512,0.900000,0.057143,1
512,512,0.900000,0.057251,1
512,512,0.900000,0.057190,1
512,512,0.900000,0.057195,1
512,512,0.900000,0.057944,1
512,512,0.900000,0.057444,1
512,512,0.900000,0.057572,1
512,512,0.900000,0.057405,1
512,512,0.900000,0.057398,1
512,512,0.900000,0.057562,1
1024,1024,0.900000,0.458081,0
1024,1024,0.900000,0.459203,0
1024,1024,0.900000,0.462126,0
1024,1024,0.900000,0.459043,0
1024,1024,0.900000,0.464956,0
1024,1024,0.900000,0.464794,0
1024,1024,0.900000,0.461242,0
1024,1024,0.900000,0.454768,0
1024,1024,0.900000,0.464644,0
1024,1024,0.900000,0.462595,0
1536,1536,0.900000,1.603922,1
1536,1536,0.900000,1.583459,1
1536,1536,0.900000,1.574968,1
1536,1536,0.900000,1.599709,1
1536,1536,0.900000,1.587359,1
1536,1536,0.900000,1.577861,1
1536,1536,0.900000,1.557643,1
1536,1536,0.900000,1.559132,1
1536,1536,0.900000,1.569824,1
1536,1536,0.900000,1.584809,1
2048,2048,0.900000,3.697502,0
2048,2048,0.900000,3.652021,0
2048,2048,0.900000,3.678198,0
2048,2048,0.900000,3.697728,0
2048,2048,0.900000,3.683982,0
2048,2048,0.900000,3.754399,0
2048,2048,0.900000,3.777835,0
2048,2048,0.900000,3.730517,0
2048,2048,0.900000,3.744317,0
2048,2048,0.900000,3.770400,0
2560,2560,0.900000,7.326871,1
2560,2560,0.900000,7.320476,1
2560,2560,0.900000,7.212278,1
2560,2560,0.900000,7.294715,1
2560,2560,0.900000,7.201555,1
2560,2560,0.900000,7.254591,1
2560,2560,0.900000,7.336154,1
2560,2560,0.900000,7.400548,1
2560,2560,0.900000,7.349116,1
2560,2560,0.900000,7.167728,1
