n,k,theta,tempo_esecuzione, result
512,512,0.900000,0.311909,1
512,512,0.900000,0.138201,1
512,512,0.900000,0.143388,1
512,512,0.900000,0.135551,1
512,512,0.900000,0.135809,1
512,512,0.900000,0.151179,1
512,512,0.900000,0.148845,1
512,512,0.900000,0.148930,1
512,512,0.900000,0.148474,1
512,512,0.900000,0.148725,1
1024,1024,0.900000,0.650098,0
1024,1024,0.900000,0.637689,0
1024,1024,0.900000,0.639082,0
1024,1024,0.900000,0.643752,0
1024,1024,0.900000,0.713797,0
1024,1024,0.900000,0.684752,0
1024,1024,0.900000,0.728640,0
1024,1024,0.900000,0.812568,0
1024,1024,0.900000,0.830782,0
1024,1024,0.900000,0.820329,0
1536,1536,0.900000,2.051201,1
1536,1536,0.900000,2.059486,1
1536,1536,0.900000,2.056954,1
1536,1536,0.900000,2.056646,1
1536,1536,0.900000,2.059458,1
1536,1536,0.900000,2.058507,1
1536,1536,0.900000,2.057332,1
1536,1536,0.900000,2.054523,1
1536,1536,0.900000,2.056331,1
1536,1536,0.900000,2.054790,1
2048,2048,0.900000,3.835775,0
2048,2048,0.900000,3.837682,0
2048,2048,0.900000,3.844485,0
2048,2048,0.900000,3.850453,0
2048,2048,0.900000,3.845929,0
2048,2048,0.900000,4.019117,0
2048,2048,0.900000,3.843576,0
2048,2048,0.900000,3.849060,0
2048,2048,0.900000,3.841278,0
2048,2048,0.900000,3.946183,0
2560,2560,0.900000,6.927147,1
2560,2560,0.900000,7.051082,1
2560,2560,0.900000,7.115221,1
2560,2560,0.900000,7.159684,1
2560,2560,0.900000,6.941100,1
2560,2560,0.900000,6.939890,1
2560,2560,0.900000,7.045992,1
2560,2560,0.900000,7.046625,1
2560,2560,0.900000,7.033479,1
2560,2560,0.900000,7.050846,1
