n,k,theta,tempo_esecuzione, result
512,512,0.900000,0.178780,1
512,512,0.900000,0.083829,1
512,512,0.900000,0.040997,1
512,512,0.900000,0.061126,1
512,512,0.900000,0.069341,1
512,512,0.900000,0.045937,1
512,512,0.900000,0.047617,1
512,512,0.900000,0.051629,1
512,512,0.900000,0.069325,1
512,512,0.900000,0.042237,1
1024,1024,0.900000,0.147743,0
1024,1024,0.900000,0.186687,0
1024,1024,0.900000,0.154042,0
1024,1024,0.900000,0.157024,0
1024,1024,0.900000,0.154213,0
1024,1024,0.900000,0.155967,0
1024,1024,0.900000,0.140441,0
1024,1024,0.900000,0.156637,0
1024,1024,0.900000,0.171297,0
1024,1024,0.900000,0.141037,0
1536,1536,0.900000,0.306277,1
1536,1536,0.900000,0.368272,1
1536,1536,0.900000,0.307284,1
1536,1536,0.900000,0.359606,1
1536,1536,0.900000,0.302577,1
1536,1536,0.900000,0.300393,1
1536,1536,0.900000,0.297892,1
1536,1536,0.900000,0.302153,1
1536,1536,0.900000,0.326677,1
1536,1536,0.900000,0.301736,1
2048,2048,0.900000,0.583929,0
2048,2048,0.900000,0.571541,0
2048,2048,0.900000,0.672600,0
2048,2048,0.900000,0.695671,0
2048,2048,0.900000,0.677597,0
2048,2048,0.900000,0.744616,0
2048,2048,0.900000,0.716874,0
2048,2048,0.900000,0.688454,0
2048,2048,0.900000,0.688359,0
2048,2048,0.900000,0.671393,0
2560,2560,0.900000,1.215325,1
2560,2560,0.900000,1.087755,1
2560,2560,0.900000,1.064552,1
2560,2560,0.900000,1.258911,1
2560,2560,0.900000,1.138455,1
2560,2560,0.900000,1.085577,1
2560,2560,0.900000,1.186379,1
2560,2560,0.900000,1.175464,1
2560,2560,0.900000,1.175237,1
2560,2560,0.900000,1.071753,1
